	Mycobacterium_tuberculosis_H37Rv_uid57777 Plasmodium_berghei Plasmodium_chabaudi Plasmodium_falciparum Plasmodium_knowlesi Plasmodium_vivax Plasmodium_yoelii Toxoplasma_gondii Cryptosporidium_parvum Neospora_caninum Theileria_parva
Mycobacterium_tuberculosis_H37Rv_uid57777 1 0.7205 0.7241 0.6895 0.6292 0.616 0.7393 0.74 0.8333 0.7975 0.7694
Plasmodium_berghei 0.7205 1 0.9856 0.98 0.9823 0.9816 0.9711 0.892 0.831 0.8434 0.8743
Plasmodium_chabaudi 0.7241 0.9856 1 0.9645 0.9648 0.9637 0.9851 0.9045 0.8404 0.8534 0.8859
Plasmodium_falciparum 0.6895 0.98 0.9645 1 0.995 0.9953 0.9497 0.8637 0.8018 0.8133 0.8458
Plasmodium_knowlesi 0.6292 0.9823 0.9648 0.995 1 0.9996 0.948 0.8367 0.7626 0.7721 0.8156
Plasmodium_vivax 0.616 0.9816 0.9637 0.9953 0.9996 1 0.9465 0.8294 0.753 0.7616 0.8078
Plasmodium_yoelii 0.7393 0.9711 0.9851 0.9497 0.948 0.9465 1 0.922 0.857 0.8706 0.903
Toxoplasma_gondii 0.74 0.892 0.9045 0.8637 0.8367 0.8294 0.922 1 0.906 0.9255 0.972
Cryptosporidium_parvum 0.8333 0.831 0.8404 0.8018 0.7626 0.753 0.857 0.906 1 0.974 0.9347
Neospora_caninum 0.7975 0.8434 0.8534 0.8133 0.7721 0.7616 0.8706 0.9255 0.974 1 0.9562
Theileria_parva 0.7694 0.8743 0.8859 0.8458 0.8156 0.8078 0.903 0.972 0.9347 0.9562 1
